beta= [0.5, -2]
alpha= 1
seed= 2433523
reps= 1000



n= 1000

means: 
[[ 9.99186776e-001  5.00096431e-001 -1.99894459e+000]
 [ 1.00028059e+000  4.99070094e-001 -1.99822374e+000]
 [ 1.44087758e+114 -8.96101207e+113  2.76444239e+114]]

standard deviations: 
[[4.05646574e-002 3.72697317e-002 3.08598425e-002]
 [6.26994101e-002 5.78999756e-002 4.47755023e-002]
 [4.55417489e+115 2.83230192e+115 8.73756098e+115]]

This took 208.75313925743103 s



n= 4000

means: 
[[ 9.99923428e-001  4.99529716e-001 -2.00067883e+000]
 [ 9.98344411e-001  4.99826589e-001 -2.00068069e+000]
 [-3.36543555e+129  8.47265983e+126 -1.06995003e+130]]

standard deviations: 
[[4.07231177e-002 3.78755082e-002 3.15892465e-002]
 [5.92874093e-002 5.63481327e-002 4.77029501e-002]
 [1.06371191e+131 2.67795031e+128 3.38178692e+131]]

This took 224.55411291122437 s



n= 10000

means: 
[[ 9.98765952e-001  5.00692510e-001 -1.99980154e+000]
 [ 9.96863321e-001  5.01398614e-001 -1.99830274e+000]
 [-3.94476694e+107  5.48695939e+107 -5.83048300e+107]]

standard deviations: 
[[4.02719376e-002 3.56359636e-002 2.96905130e-002]
 [5.87688338e-002 5.42953468e-002 4.63897394e-002]
 [1.24682096e+109 1.73426113e+109 1.84283850e+109]]

This took 226.02511644363403 s
