beta= [0.5, -2, 1.2, -0.7, 0.3]
alpha= 1
seed= 2433523
reps= 10



n= 250

means: 
[[ 0.98777471  0.50423762 -1.98999791  1.20575496 -0.67081636  0.2706328 ]
 [ 0.92520454  0.55763469 -2.04259089  1.26848931 -0.66489492  0.2339019 ]
 [ 0.89307706  0.58735253 -2.05798649  1.30390357 -0.62979604  0.20714181]]

standard deviations: 
[[0.07703485 0.10203732 0.03914674 0.05602728 0.04817536 0.04709535]
 [0.08513411 0.10314978 0.10060846 0.13627242 0.07441293 0.0865298 ]
 [0.07866087 0.10336276 0.05972232 0.08380582 0.07629112 0.0523467 ]]

This took 0.8377273082733154 s



n= 1000

means: 
[[ 1.00222687  0.50080922 -2.00774355  1.20818326 -0.69939293  0.29418133]
 [ 0.99725859  0.49249805 -1.99754807  1.19633213 -0.69008417  0.3073904 ]
 [ 0.98720379  0.53080035 -2.01835294  1.25109129 -0.68138943  0.2827618 ]]

standard deviations: 
[[0.03833228 0.03095875 0.02270796 0.0301626  0.01110474 0.02439094]
 [0.0696411  0.06547711 0.03200201 0.07346171 0.02839783 0.04702001]
 [0.06875975 0.0398393  0.04946398 0.03156868 0.02416078 0.04645725]]

This took 3.0216927528381348 s



n= 4000

means: 
[[ 1.00375304  0.49667083 -2.00121974  1.19041286 -0.69971574  0.3054842 ]
 [ 1.01480969  0.49885313 -1.99814437  1.18522285 -0.69803853  0.30316809]
 [ 1.01064813  0.51049756 -2.01000859  1.21290829 -0.69272659  0.29570162]]

standard deviations: 
[[0.01649394 0.01224279 0.01672183 0.00693967 0.00958882 0.01391445]
 [0.03590439 0.02094219 0.02723809 0.01884528 0.01580859 0.02398772]
 [0.03681751 0.02633017 0.02531636 0.02366068 0.01881656 0.02042876]]

This took 33.35567355155945 s



n= 8000

means: 
[[ 0.9942432   0.49949754 -2.00203821  1.20715456 -0.70059466  0.30005375]
 [ 1.00003784  0.49148212 -2.00285839  1.19852163 -0.70273053  0.2999259 ]
 [ 0.99748373  0.5107987  -2.00766147  1.22186108 -0.69714959  0.29908038]]

standard deviations: 
[[0.01576652 0.01009835 0.00653472 0.01314898 0.00955635 0.00825188]
 [0.0301987  0.02819239 0.01823871 0.03188617 0.01575372 0.01395727]
 [0.02918492 0.01932259 0.01176089 0.02066202 0.01270911 0.01197722]]

This took 159.31340146064758 s
