beta= [0.5, -2]
alpha= 1
seed= 2433523
reps= 500



n= 250

means: 
[[ 1.00019127  0.50013488 -2.00078999]
 [ 0.99855038  0.50149873 -2.0026668 ]
 [ 0.99936745  0.50677669 -2.0117749 ]]

standard deviations: 
[[0.07929353 0.0715498  0.05704344]
 [0.12272905 0.11384848 0.09007799]
 [0.12341871 0.10279923 0.07670083]]

This took 22.699453830718994 s



n= 1000

means: 
[[ 0.99948305  0.49923848 -2.00084441]
 [ 0.99783415  0.49917002 -2.00006694]
 [ 0.99759857  0.50111129 -2.0042403 ]]

standard deviations: 
[[0.039582   0.03757144 0.03063213]
 [0.05897704 0.05630024 0.04642431]
 [0.0589859  0.04977695 0.03913857]]

This took 52.75544357299805 s



n= 4000

means: 
[[ 1.00134669  0.50057624 -1.99962979]
 [ 1.00288045  0.49899742 -1.9995832 ]
 [ 1.00277555  0.50088858 -2.00113699]]

standard deviations: 
[[0.02060742 0.01884787 0.01506465]
 [0.03030888 0.02793899 0.02365081]
 [0.03027264 0.02390629 0.01954553]]

This took 566.6326115131378 s



n= 10000

means: 
[[ 1.00005688  0.4994689  -1.99975737]
 [ 1.00027867  0.498987   -1.99875414]
 [ 1.00026431  0.49983315 -2.00056227]]

standard deviations: 
[[0.01351534 0.01185742 0.00954033]
 [0.01936674 0.01751141 0.01411088]
 [0.0193489  0.01504035 0.01222005]]

This took 3184.3531472682953 s
