beta= [0.5, -2]
alpha= 1
seed= 2433523
reps= 150



n= 1000

means: 
[[ 1.01616032  0.4978586  -2.02994064]
 [ 1.02146486  0.50641231 -2.04129067]
 [ 1.02286377  0.51438091 -2.06230951]]

standard deviations: 
[[0.11118329 0.1007696  0.13243589]
 [0.16861349 0.13922124 0.22269824]
 [0.17412253 0.11149018 0.17946228]]

This took 1462.1153256893158 s



n= 4000

means: 
[[ 0.99580941  0.50647117 -2.00719317]
 [ 0.98913863  0.51653633 -2.0094086 ]
 [ 0.99055675  0.50972586 -2.01160979]]

standard deviations: 
[[0.05170575 0.04769405 0.06916971]
 [0.0766289  0.06802272 0.09872459]
 [0.07625339 0.05352257 0.07834162]]

This took 6223.144937992096 s



n= 16000

means: 
[[ 0.99577122  0.49893608 -1.99781411]
 [ 0.99849489  0.49658705 -1.99816648]
 [ 0.99847379  0.50080108 -2.00268935]]

standard deviations: 
[[0.02644199 0.02567425 0.03915527]
 [0.03788588 0.03568636 0.0545546 ]
 [0.03773806 0.02823357 0.04709023]]

This took 32311.457696437836 s
