beta= [0.5, -2]
alpha= 1
seed= 2433523
reps= 3



n= 1000

means: 
[[ 0.97678864  0.60258579 -2.08257607]
 [ 0.86029036  0.54060551 -1.97136242]
 [ 0.85797879  0.64259531 -2.07883873]]

standard deviations: 
[[0.05231727 0.07528552 0.13322297]
 [0.04693811 0.07908441 0.19063112]
 [0.08091267 0.12687916 0.19418447]]

This took 18.153589725494385 s



n= 4000

means: 
[[ 0.9892388   0.47184387 -2.02485818]
 [ 1.02031844  0.47732176 -2.03104395]
 [ 1.02865952  0.47031575 -2.0380859 ]]

standard deviations: 
[[0.02424769 0.02984075 0.12033731]
 [0.01848247 0.01395604 0.08611389]
 [0.01990279 0.04236615 0.13412577]]

This took 96.45990872383118 s



n= 16000

means: 
[[ 1.01424826  0.5062186  -2.01905596]
 [ 1.00080022  0.50281938 -2.00771267]
 [ 1.00639998  0.50636825 -2.01723925]]

standard deviations: 
[[0.01996085 0.03289814 0.0391501 ]
 [0.00213694 0.03624851 0.00293862]
 [0.02801855 0.05551571 0.06983773]]

This took 607.4946146011353 s
