beta= [0.5, -2, 1.2, -0.7, 0.3]
alpha= 1
seed= 2433523
reps= 1000



n= 250

means: 
[[ 0.9977686   0.50267256 -2.00264027  1.20175183 -0.69938428  0.29904685]
 [ 0.99339756  0.50692331 -2.00626577  1.20291899 -0.69687266  0.2983447 ]
 [ 0.94597347  0.5816212  -2.05810272  1.30817889 -0.67466727  0.26460183]]

standard deviations: 
[[0.0872925  0.07486215 0.06332312 0.07079393 0.05540927 0.05741835]
 [0.13949059 0.13204506 0.10819356 0.13094527 0.09484728 0.09969703]
 [0.14536355 0.11199057 0.08875898 0.10721294 0.07700257 0.07826012]]

This took 50.82435727119446 s



n= 1000

means: 
[[ 0.99981062  0.50047207 -1.99971696  1.1991265  -0.69812076  0.30006525]
 [ 0.99904211  0.50202172 -1.99818079  1.199558   -0.6988068   0.29990532]
 [ 0.98314791  0.54036998 -2.02713311  1.25426555 -0.68705668  0.28022647]]

standard deviations: 
[[0.04224039 0.03520097 0.03020596 0.03418638 0.02783851 0.02841739]
 [0.06887542 0.06494963 0.05032639 0.06692945 0.04401325 0.04841479]
 [0.06919211 0.05011388 0.04144379 0.05112434 0.03783929 0.03952477]]

This took 206.4623830318451 s



n= 4000

means: 
[[ 1.00044485  0.4994636  -1.99993463  1.19994941 -0.69998217  0.29995942]
 [ 1.00046437  0.49937677 -1.99939848  1.19938449 -0.69926601  0.30107604]
 [ 0.99501088  0.52096644 -2.01412919  1.22883333 -0.69285229  0.29014868]]

standard deviations: 
[[0.02165225 0.01877903 0.01521659 0.0171178  0.01297692 0.01460801]
 [0.03400295 0.03075588 0.02537585 0.03112734 0.02187092 0.02398616]
 [0.03414551 0.02716779 0.021713   0.0262347  0.01821713 0.01984061]]

This took 2218.243059158325 s



n= 10000

means: 
[[ 1.00025582  0.49968296 -1.99996273  1.19981371 -0.70026217  0.29978867]
 [ 1.00070291  0.4991204  -1.99986908  1.1997499  -0.70099378  0.29951077]
 [ 0.99776047  0.5140018  -2.00997462  1.22030113 -0.69599907  0.29283783]]

standard deviations: 
[[0.01315029 0.01128203 0.00922268 0.01101305 0.00871402 0.00869238]
 [0.02022225 0.02025373 0.01682375 0.0200194  0.01443758 0.01473834]
 [0.0203064  0.01731751 0.01339478 0.01688088 0.01225973 0.01232699]]

This took 14286.522047519684 s
