beta= [0.5, -2, 1.2, -0.7, 0.3]
alpha= 1
seed= 2433523
reps= 1000



n= 250

means: 
[[ 1.00001273  0.50096326 -2.00008597  1.1987625  -0.69741081  0.29857003]
 [ 1.0002631   0.50128412 -1.99923419  1.19779389 -0.69855261  0.29846969]
 [ 0.95162987  0.57730841 -2.0540484   1.29958368 -0.67560352  0.26375433]]

standard deviations: 
[[0.08779303 0.07421863 0.06152411 0.07038972 0.05451717 0.05723089]
 [0.13873305 0.12864711 0.10503851 0.12736426 0.09433088 0.09862536]
 [0.14498282 0.10833619 0.0884788  0.10610643 0.07464183 0.08195312]]

This took 50.4779589176178 s



n= 1000

means: 
[[ 1.00030081  0.50053468 -1.99828924  1.20088143 -0.69866148  0.30049298]
 [ 0.99768565  0.50178416 -1.99900275  1.20160511 -0.69648412  0.30021134]
 [ 0.98335888  0.54003879 -2.02324776  1.25084466 -0.68647147  0.28345266]]

standard deviations: 
[[0.043416   0.0361296  0.02862006 0.03433135 0.02730531 0.0290906 ]
 [0.06843304 0.06358413 0.04910764 0.06493213 0.04439995 0.04688003]
 [0.07008981 0.05445841 0.04229384 0.05464572 0.03736268 0.04061222]]

This took 205.88314127922058 s



n= 4000

means: 
[[ 0.99929403  0.49973417 -2.00028018  1.19990393 -0.69912704  0.30004925]
 [ 1.00045303  0.49977512 -1.99988454  1.20000105 -0.70048296  0.29930472]
 [ 0.99593722  0.51705606 -2.01170638  1.22378681 -0.69394947  0.29206718]]

standard deviations: 
[[0.02171691 0.01846543 0.01481082 0.01757615 0.01333641 0.01417127]
 [0.03354442 0.03237957 0.02572217 0.03048588 0.02169977 0.02331345]
 [0.03363048 0.02725146 0.02144173 0.02543803 0.01831591 0.0199714 ]]

This took 2220.931941509247 s



n= 10000

means: 
[[ 0.99942659  0.50029287 -2.00052901  1.20033282 -0.69975536  0.29920987]
 [ 0.9995448   0.49935028 -1.99997655  1.19914086 -0.7004074   0.299244  ]
 [ 0.99710641  0.51140463 -2.00804283  1.21542463 -0.69607679  0.29367113]]

standard deviations: 
[[0.01383272 0.011856   0.0092757  0.0110796  0.00871022 0.00933035]
 [0.02084788 0.01967636 0.0158434  0.01951858 0.01434224 0.01512562]
 [0.02097214 0.01681142 0.0133097  0.01653704 0.01233419 0.01282079]]

This took 14394.162102460861 s
