beta= [0.5, -0.9, 0.6, -0.3]
alpha= 1
seed= 2433523
reps= 1000



n= 250

means: 
[[ 0.99862944  0.50036222 -0.90274449  0.59847463 -0.30185352]
 [ 1.00448354  0.50075169 -0.90089379  0.59617069 -0.30247219]
 [ 0.93047776  0.57370069 -0.95327805  0.69573264 -0.28520178]]

standard deviations: 
[[0.08723144 0.07639241 0.06086278 0.07048955 0.05543132]
 [0.13006906 0.12883767 0.10141783 0.13061146 0.08872793]
 [0.18937634 0.14211441 0.10918425 0.14144991 0.08744926]]

This took 108.39188265800476 s



n= 500

means: 
[[ 1.00143241  0.498182   -0.89842916  0.59946998 -0.29915117]
 [ 1.00147838  0.50109012 -0.89910287  0.59881019 -0.30217616]
 [ 0.94652198  0.55334952 -0.93596825  0.67222621 -0.2865608 ]]

standard deviations: 
[[0.06045926 0.05156284 0.04326033 0.04842117 0.03928794]
 [0.09273815 0.09044445 0.07226242 0.08938854 0.06451092]
 [0.12947151 0.09795821 0.07786235 0.10246004 0.0630457 ]]

This took 179.64511847496033 s



n= 1000

means: 
[[ 0.99916405  0.50031249 -0.90066682  0.60112531 -0.29928804]
 [ 1.00024856  0.50070556 -0.89929941  0.59995333 -0.2988298 ]
 [ 0.96373266  0.53725284 -0.92399017  0.64950189 -0.29038418]]

standard deviations: 
[[0.04280822 0.0366254  0.03022879 0.03438418 0.0272578 ]
 [0.06501087 0.06536227 0.05019197 0.06116026 0.04513152]
 [0.0924002  0.07437251 0.05557248 0.07627648 0.04489733]]

This took 332.47228240966797 s
