(UNCLEAN)

beta= [0.5, -2]
alpha= 1
seed= 2433523
reps= 200



n= 500

means:
[[ 1.03421411  0.49558405 -2.04956439]
 [ 1.0548138   0.50651717 -2.10292173]
 [ 1.18256234  0.56328426 -2.33129607]
 [ 1.7935725   0.76839458 -3.39591142]]

standard deviations:
[[ 0.16640784  0.13035235  0.2023242 ]
 [ 0.25999191  0.20352031  0.3202389 ]
 [ 1.72160207  0.62009359  2.6641202 ]
 [10.29638127  3.43261844 17.56322483]]

This took 1540.1252579689026 s



n= 1000

means:
[[ 1.02577308  0.50704835 -2.03123739]
 [ 1.0460514   0.51127035 -2.0610745 ]
 [ 1.05019538  0.52192008 -2.08415595]
 [ 2.5478319   1.13103226 -5.40196139]]

standard deviations:
[[ 0.11157176  0.09211363  0.14719779]
 [ 0.1708702   0.14351244  0.21083826]
 [ 0.17102522  0.10791911  0.18746985]
 [21.11890381  8.48635815 46.72580794]]

This took 3127.3261573314667 s
