beta= [0.5, -2]
alpha= 1
seed= 2433523
reps= 3



n= 100

means: 
[[ 1.04278202e+00  5.28349392e-01 -2.03622830e+00]
 [ 2.16514075e+01  1.01176231e+01 -2.54962521e+01]
 [ 9.45981870e+02  5.02371189e+02 -1.22932007e+03]
 [ 1.17126717e+03  9.23329805e+02 -1.79901015e+03]]

standard deviations: 
[[2.59670708e-01 2.40733030e-01 3.29721527e-01]
 [2.94177310e+01 1.39219277e+01 3.39973015e+01]
 [1.33648882e+03 7.09717823e+02 1.73554422e+03]
 [1.65514456e+03 1.30497857e+03 2.54099184e+03]]

This took 3.2209722995758057 s



n= 200

means: 
[[ 9.31100805e-01  6.55464764e-01 -2.20113890e+00]
 [ 1.16411079e+00  4.73748017e-01 -2.06627254e+00]
 [ 1.10513479e+00  7.82596221e-01 -2.60433935e+00]
 [ 4.10986632e+03  4.37453842e+03 -1.05347588e+04]]

standard deviations: 
[[1.74820737e-01 3.78122316e-01 2.17734099e-01]
 [3.08300322e-01 5.15030291e-01 3.12695864e-01]
 [3.85923493e-01 4.33265195e-01 2.17574464e-01]
 [5.81033668e+03 6.18586520e+03 1.48948199e+04]]

This took 4.351229429244995 s
